x1,x2,Y
0.9645880798191239,-0.6770094463128087,1
1.1213730399620718,0.2789602603687819,1
1.4912085113075146,0.4877407973888788,1
1.0507321930195037,0.26101589792592284,1
1.1482004118411524,-0.5835651786916871,1
1.5458642495894832,-0.4273988456895088,1
1.558916863446476,0.28235104611056483,1
0.8096234954360211,0.2879378285403668,1
1.2092395077331792,-0.24966774322894847,1
1.1188590579327733,0.9871684691407119,1
1.2976724769066137,0.5316749918379788,1
0.8048905291329786,-0.10477743613251676,1
1.489248485115891,-0.08746204944894843,1
1.3200195109561341,0.5327437002998072,1
0.9396477961899736,0.06819259908349415,1
0.8372768442737513,-0.22238651684658378,1
0.43924117621098724,-0.6280354361896802,1
0.7898506981341739,0.6546553468060264,1
0.8853775830766548,0.010183489501580672,1
1.9186090095952215,0.5251525452019035,1
0.71468149771035,-0.372657637574914,1
1.1311859582116965,-0.5230339442901493,1
0.1275976578338912,-0.38317405327135107,1
0.9538213221529321,-0.977154093160783,1
1.9304279982742605,0.6296545299185661,1
1.7733439177560903,-0.1787826235841862,1
1.3030859465502929,0.590055604990985,1
1.5826060199791994,-0.05137991425220371,1
1.3426462098254852,0.10221612517556045,1
1.1715167673882962,-0.15581441441889296,1
-0.028946357428771385,0.4212151537435725,1
1.1529179392666216,0.299289189675954,1
0.3855298101622968,0.8438853516218799,1
1.6041876897690193,-0.07446607448798986,1
0.7126750732600409,-0.2541811781464283,1
0.9519538555424305,0.6396465909438507,1
0.6861566536247927,-0.8633231946030837,1
0.7816645368764018,0.37565753051170714,1
1.1266965807779048,-0.26811114681968723,1
1.3445230077171435,-0.5434375142839112,1
0.4569503071767662,-1.0562593658927177,1
1.5276437583953362,1.0032835535506068,1
-0.1586648144398639,-0.36564357257487157,1
1.2355801742581178,-0.9800536996626369,1
-0.0764411891722323,-1.2325373006341778,1
1.2136009092621256,0.5870920987982684,1
1.5347333136951493,-0.7081026845566012,1
1.2833142072655979,-0.12625091999732793,1
0.7255802702565244,0.4940542826435736,1
0.11471163268374052,-0.027571177558125198,1
0.7664553254983972,0.10832545779458856,1
1.4021750408390052,0.2350099262415355,1
0.8182341126862016,0.41646320452527263,1
0.7748909823547764,-0.3662067467770217,1
0.9061015072363433,0.9077308389005972,1
0.9025814428632776,0.2914112973343465,1
0.3858499820559318,0.2997558586612478,1
1.097216348153248,1.1571466560595844,1
0.6519719369059196,-0.4391343166826677,1
1.1086455263166919,0.054763164880546035,1
1.0923540550065196,-0.45557902898353836,1
0.38016528357498136,0.8348758697476549,1
1.5411387133921892,-0.22083795458223873,1
2.0469533916278246,-0.4664162856672802,1
0.6962377819176322,0.42175926544705084,1
1.414546719862039,-0.04355218777769655,1
0.2760141905891439,-0.5917296737831945,1
1.344185808976072,0.024453353776793838,1
0.4691200290116716,0.5225803352200794,1
1.4312809657617096,-0.21521668640856229,1
1.921618180121592,-0.1784085410688409,1
-0.1334130837411831,-0.13541184730963307,1
0.4401388781022859,-0.22419101399706703,1
1.5478760672070684,-0.1805823656552703,1
0.8901943532264515,-0.37246621337852537,1
0.22215112831584272,0.47604683496478584,1
0.7354598233714917,0.5117478560013019,1
1.1945606255188268,0.07903693557093108,1
0.2888089381946086,0.8021147789509331,1
0.18927448370437772,0.25624542605575473,1
0.635237297825133,-0.172477971893865,1
1.2647861537013245,0.6358785609774369,1
1.4007647511649788,0.5886270018485057,1
0.38247892823171636,-0.9756317829334715,1
1.0648233023163163,0.9110857139878409,1
0.8887934842253913,-0.2908476879450829,1
1.6643713650950187,0.14395980812656134,1
1.4436131561032348,-0.5887412546222973,1
0.3959771751964801,-1.38448273205595,1
1.8613030769554557,-0.008856379858943346,1
1.9949281344336105,0.8499180770462199,1
-0.0808658878572992,-0.3959790012027959,1
0.6107720140947657,-0.2091315718161326,1
0.8588068817282308,0.8915568974201821,1
1.1135660078921754,0.024471487477864956,1
1.2882232333608579,-0.5947581147884193,1
0.2643285518075794,1.2068369061946853,1
0.2188116989116523,0.16379579332128602,1
0.7529393197162124,0.7809588816455378,1
0.32886278009702696,-0.047164808296428044,1
0.4269514020815022,0.6227758186047861,1
1.078175786546717,-0.2926558059431972,1
1.217986176472336,0.832423959541303,1
2.0378902572953708,0.22306755159438538,1
2.1248853506330727,-0.5196953614637395,1
0.9775340359037326,0.030812444769709367,1
0.8681086230458464,-0.48547399846641387,1
0.9349363875803067,-0.02330763607207738,1
1.6715118852675683,-0.0029843094106254335,1
0.19094403136064952,-0.11551019817588501,1
0.977311014251639,0.2780717841868756,1
1.8171739524508657,-0.12798324274749381,1
1.3351831738418452,0.8230795205811915,1
1.5612878984751257,-0.07720871286038775,1
0.6858073217825962,0.10313709020259804,1
0.2810333528561094,0.5272936196582435,1
1.0877500172671088,0.18379236636909696,1
1.3075799087655358,-0.5976393784004786,1
0.7081696589628634,-0.3895615396669157,1
0.3966367621258333,-1.1652545481373566,1
1.1263869621614349,0.08095077167601684,1
0.8791406497560978,0.10499643073897874,1
1.720878815502876,-0.3697796644811865,1
0.9820169099629471,-0.3814943403455453,1
1.4244243583668017,0.015436386085792729,1
0.4585312707291579,-0.056115411367028634,1
1.3483939131932396,0.30908723050745424,1
1.0653404429024989,-0.0112219799211705,1
0.9492594498359651,-0.15274521463396423,1
2.000529960016279,0.5916612837684234,1
1.392366971453795,-0.23577761594293417,1
0.6382575579825607,-0.17546882036719827,1
0.19333127730952304,-0.034047222759559466,1
1.7080957803460408,-1.051487546082231,1
0.2058110385799201,0.34444957184343317,1
0.2528013192799159,0.8770434372963292,1
0.5996340826928062,0.39779447623237024,1
0.2726038410059982,-0.004038786023989789,1
1.8386842937974686,0.43173496301767655,1
0.5143407309806849,0.24242747665140765,1
1.0603978199045725,0.40815494628248383,1
1.253006128351947,-0.5879795609467432,1
0.9915706133086247,0.08404583682399559,1
1.1975117143532223,0.04850304519512496,1
1.3200829932569476,-0.37101788753432696,1
1.597443089175065,0.27506881323519367,1
0.838802105300972,0.1576361533846193,1
1.260585166802842,-0.8860005935316291,1
1.7031648109331226,-0.14353549333412896,1
1.5646213268903972,0.5458667280121126,1
0.5198771521002887,-0.14278928665031124,1
1.2737380891159815,0.9453820141977678,1
0.6308644236579113,-0.28526926702730265,1
1.3224841030162895,0.546522855635013,1
1.0346192460305075,-0.47334398074324974,1
1.5628620486939466,-0.6151860778676604,1
0.29203173204075394,0.24057691291880648,1
0.3338093436751709,0.07091794764238712,1
0.28049423856762323,0.4721048265054243,1
1.1242337086570828,0.4446506186089317,1
1.075735989145319,-0.32734380796794166,1
0.9676226857032911,-0.28167908368242073,1
0.7080108937094445,0.3474987434406334,1
0.9872227545914347,-0.07211738628218449,1
0.9366082844069525,0.12332805247017345,1
0.7785034451909927,0.16477302955722425,1
1.4566767770865567,-0.6583555282906114,1
1.101016598840625,0.13490146880007212,1
0.39303519537776077,-0.4849144453046218,1
1.4986059407299357,0.2537884282254062,1
0.8760402105124512,0.2279473463201161,1
0.7708093577737778,-0.03558081193143592,1
1.1507777327979132,-0.7634004419970856,1
0.8435457879082664,-0.4380386148525758,1
0.7077544079010336,-0.9795848174986614,1
1.2065844510404742,0.2663455185512869,1
1.0211360439553816,-0.7288572017600851,1
1.0137891419423057,0.15781726791777095,1
-0.6739485931144042,-0.40425081389327394,1
0.6926961073484349,0.10599251973506421,1
1.6986677196468822,0.0007234312048452514,1
1.7724894181376656,0.43762899604816996,1
1.4775058859395394,0.0029047113955453,1
1.4897314245294113,-0.7489440249912379,1
1.119935637404998,-0.8501756939234478,1
0.6976743104753104,0.3451435265876371,1
1.7256334328294969,0.36936814547922353,1
0.5978373383676072,-0.25042691767610625,1
0.24044351782299345,-0.06852669912589875,1
0.7953425948044589,0.8091035870613509,1
2.1703451977281287,0.9299418136999787,1
0.8104848457561176,1.1407953987913255,1
0.8013668668359242,-0.7531338982963158,1
1.082357521837625,-0.8616355059835589,1
1.3512140722612904,-0.4164499138530207,1
0.4551387863127552,0.6761088054799336,1
0.9911498998962117,-0.6327960231978134,1
1.657488063776392,0.6731443182717215,1
0.899615638951246,0.04795386927025027,1
0.608586814896507,0.43521706806290517,1
0.9998705589667746,0.41230366906696936,1
0.47255236798496747,-0.181666669916147,1
1.5678696079654264,0.5766428731534887,1
0.8774805825244272,-0.007275360867831301,1
1.0519739258707415,0.001235165802129993,1
0.1698969463120239,0.376706001567282,1
0.6504601304594917,0.11434601088809089,1
1.6061151321982052,0.4593993153685878,1
1.054312452858052,-0.41658146619260317,1
1.2852291066998418,-0.03848052117059029,1
0.801626585657785,0.45618817347478025,1
1.05023395904243,-0.7585118465685925,1
1.2018120575847553,0.00970310399798824,1
0.21673390067840237,0.3328424825204849,1
0.996290926267571,-0.3393638891293503,1
1.5496870960767999,-1.053853680884977,1
1.1215606201136346,-0.23031937439052377,1
0.7588424290360566,0.9135080719881218,1
0.7772579916550275,-0.2684079090445866,1
0.5448421872568792,1.015600497465613,1
0.6001834474787613,0.3350401670710656,1
0.729975233911704,-0.44277073982515225,1
0.32225839569441517,-0.5057855072866497,1
0.6009501230494079,0.03249860995909251,1
-0.356666813010005,-0.29103817331813947,1
1.9726649965835779,-0.43845202711085207,1
0.8629314298782322,0.15561109363845255,1
1.170456267881798,-0.5017211440872011,1
0.6516923041188096,-0.19360057306755293,1
0.43739123638412114,0.6892247556010653,1
1.2890095771627796,-0.10454166909226242,1
0.6986478093779618,-0.5940153941552899,1
1.5414265249406793,-0.6124622839444153,1
0.058988469201839755,-0.43858018996201886,1
0.6403878884408148,-0.0789413376493605,1
0.8022651943611762,0.5166502953711524,1
-0.16346806967139527,-0.9906657885702923,1
1.4714813101379571,0.17486774346850328,1
0.32421509454585007,-0.08686303401269951,1
0.5562382919639552,-0.47117003235910987,1
1.251749967029983,-0.4984553110286121,1
0.2928393647935874,-0.8388753918895512,1
0.8176885582559514,-0.41111903767977875,1
-0.06350460146432502,0.35347659069090726,1
1.2886907108631822,0.7182036636973996,1
0.4550612057379301,0.6075933788827261,1
1.575971818627247,0.09903783367834952,1
1.0279700112935601,-0.4116660453354744,1
1.9381898413143137,0.1606756632340694,1
0.25983074109940874,-0.3265994117803639,1
1.6692635796915982,-0.3579691574604841,1
1.8650437406489064,0.5145544825536241,1
1.5191954500196556,0.327976568097235,1
0.5998349472390606,-1.1278425315126765,1
1.799910461109217,0.5043720944754383,1
-0.20940348976605483,0.5592154738986626,1
1.5330071020455514,-0.12593527960116513,1
1.4370553072535843,1.0408990611224096,1
1.4120579386848675,0.10468122767900427,1
1.1096184375917044,0.26549379533651607,1
0.5308525623500691,-0.11485550087971082,1
0.21352436728648205,-0.3172028681997652,1
0.4922468722333081,-0.26489274635451204,1
0.8730001482422233,-0.054866531799248414,1
1.7116215434067301,0.19127514192446576,1
1.2143889758656994,0.2655256920911805,1
0.523037473806462,-0.19887568998110458,1
0.39846802566724326,0.10052927381352941,1
0.9498118536009881,-0.2756253176959063,1
0.655045216369669,-0.16506878330022812,1
0.5631596592239861,-0.6253685676963043,1
0.5147543300614191,0.20035688351957748,1
1.7986541806889629,0.6132290312786419,1
0.972979683203722,0.8326880707205244,1
1.108015344244732,1.121204263701364,1
1.7071668209544977,0.050364718457654986,1
1.1825638099682045,-1.012012627089342,1
2.346991912650486,-0.7838950826750724,1
1.7192082144483236,0.03601942030641414,1
0.8253394816721998,-0.3491426282655534,1
1.647757286283964,-1.0864796443372684,1
0.4330207579546357,0.36955220555512774,1
0.32781368707846037,0.11191015267921979,1
0.68162823220285,-0.6741353927364349,1
1.3567140797355866,-0.4655051160342786,1
0.5980963266969375,-0.42631964999243055,1
1.1504205263667497,0.7735717064473174,1
0.6826147859803469,-0.017975182301832947,1
1.3566227065720862,0.9374318267107464,1
1.0883412415866227,-0.04181608724135512,1
-0.16755007556828794,0.6270799497651981,1
0.4619851148531525,-0.25373160726095895,1
1.306625379883923,-0.4486877072833489,1
0.37574143014286066,-8.943987825051885e-05,1
1.3015238125311865,-0.3223947430206271,1
1.2896304943156824,0.06301710158628297,1
0.9054699499622404,0.7533583136608807,1
1.7780482330875758,-0.32511250053989715,1
0.9622409756886742,-0.49799343604236385,1
1.508410559285581,-0.23056383851776974,1
1.4356880858691667,0.6077143935089038,1
1.0416141359433317,0.43363567064814795,1
1.4750423248544429,-0.17672905530515864,1
0.22270325244150568,-0.30575220519149565,1
1.0831822305439918,0.5084398283556125,1
0.44889340125572197,-0.2082821000280557,1
1.3076078310783037,-0.31529751527204813,1
1.381505877404172,0.2081771984533087,1
1.572006195973256,-0.34087922397487036,1
0.9272136947752087,0.2903608513192704,1
0.47342404260148263,-0.2682384174408229,1
0.9223122680557123,-0.9416052348242675,1
1.444204862942464,-0.2762284122140524,1
0.8510078207422349,-0.0644052186345763,1
0.29061506659562575,0.25312385958966777,1
0.5615496094483993,-0.1573207184379222,1
-0.2654168304414095,-0.45326131566146693,1
0.249971061550203,0.6947603693983299,1
1.5012565065211763,0.22881260690261593,1
1.2982099724499112,0.6993249367606208,1
1.3450238850275689,0.6575469566339951,1
0.2891160484224875,-0.7416979704154235,1
0.7802173611956447,-0.739006388879053,1
1.8136040748871802,-0.6441341897809404,1
0.7732016671093555,-0.47722241014143985,1
0.5992422125058083,0.53854499717944,1
1.183127394580877,-0.6045919743468493,1
0.7351641200660942,-0.4507063102312368,1
0.5248803315022883,0.4999673393251139,1
0.6414398689812753,0.0030647929495689,1
1.1589352455896962,0.258012790483889,1
0.8088144388317355,0.13257013631432288,1
0.6132034258826776,0.4904210853180822,1
0.5016354400242411,-0.4917611664008771,1
0.9775363791049247,0.3801623251508729,1
0.8281394738537137,-0.12399760573387542,1
0.9863649322849577,-0.9406523081437469,1
1.0320128751605018,-0.1448196476686765,1
0.9297734893230822,0.4012079896267988,1
0.8024634545938456,-0.5098295241882551,1
1.0246393188837704,0.22109052675895016,1
1.5016283917022586,-0.39468466649594913,1
0.35772554642839527,0.05068228188461861,1
1.2528446278852265,1.1334593171315641,1
1.1779278300937455,0.6844339413566902,1
1.1514463366769292,-0.3779828265567083,1
1.9868542473512414,0.7547871605172101,1
0.4228398242996301,0.4753803054497639,1
0.5640094983110571,-0.08939900933258257,1
0.3890504846893523,0.3129794704905385,1
1.1784313173268512,-0.9760124686858185,1
1.304133902429278,0.5642017577402743,1
1.2590306297415523,-0.033274198552004586,1
0.9211063587944656,0.7521471591431259,1
0.5377141524197633,0.5145575838760538,1
0.20763977688439184,-1.049908252861263,1
0.3112471700540095,-0.6544717389371913,1
1.5908084111777665,0.2834918073558453,1
1.3756592420176519,-0.07701640093998507,1
0.6651588556073937,-0.1763916542311664,1
1.2185045359797753,-0.5836115826787841,1
1.9166121225285444,-0.05315231050937379,1
0.5820241398983197,-0.3805973360465912,1
0.8002448458505025,-0.7023603511271466,1
0.6268907380649251,-0.13625759758804393,1
0.7515679843518279,0.5041336231394872,1
2.222411244280309,-0.39993027293318006,1
0.7704758814457251,-0.3756440210348775,1
1.2140789015299487,0.22335460606066454,1
1.419550338210073,-0.3495710753251452,1
0.41697622053625516,-0.2737509445761754,1
0.9138000326843009,0.7409471350373933,1
0.8943443593394658,0.7044873141260048,1
0.901393752170604,0.28586259276651305,1
0.9957886360135019,-0.0802479984986114,1
1.675043737720151,0.019608277643340038,1
0.24490513647830048,-0.7966257181361214,1
1.4287759149638175,0.1368411406618191,1
1.0417108679806888,0.3440593164228722,1
0.5312072809536721,0.29637716271479414,1
0.48275962892835844,0.3795573071249091,1
1.8199078235731205,-0.8593192177428955,1
0.7651065735369464,0.12978901923748742,1
1.0972355036892663,-0.44381566300281033,1
1.1440618733067633,-0.611514880705732,1
0.8453269538677792,0.8225544609877813,1
1.2722302488425519,-0.03701844356214346,1
1.7251778738119903,0.8816872278734702,1
0.5984302102956616,0.0878586277705569,1
0.41636712859795344,0.5906454753994257,1
1.0033253787672456,0.14468176203031133,1
0.9003418546404633,-0.04202058313033993,1
1.554972806058211,-0.049805925194234726,1
0.6385310624319023,0.39379967594306065,1
1.215053348637088,-0.32736119655957857,1
1.084246283752344,0.17669239306644083,1
0.9524162247750065,0.06851217502937289,1
1.0814431651205076,0.06561828129216986,1
0.37452022426282006,-0.42483022105282475,1
1.3080715540974883,0.0987881342081839,1
0.955066535055714,0.6819838723574904,1
0.9126068069472872,-0.5276294364618624,1
0.9240258164390055,-0.2566997782671954,1
0.6486133319296763,-0.3546228813147941,1
0.21728214622594888,-0.03477992323574985,1
0.16810002011399028,-0.14961736614975726,1
0.9820959630800072,-0.21929063450946604,1
1.1007828198293694,0.6748559816877393,1
1.057461793883522,0.32229271091247796,1
0.668669478542704,0.2945851184482445,1
0.36019436873888555,1.2311974354815618,1
0.9518069957015296,0.27691870712204986,1
0.8922855166924916,0.02906056245246157,1
1.3426928211201918,-0.2649154235332295,1
0.9383095998834516,-0.6709340470926198,1
1.1429685109170111,0.1481740124208231,1
0.9647697520257755,-0.39861018896831035,1
1.496424763738802,-0.4409930762716916,1
1.3905693921596434,-0.5309511131518848,1
0.42987890058862566,-0.45706919753883735,1
0.7402582268556683,-0.587666581378856,1
1.035323478578095,0.5329744326011163,1
1.4503496340582638,-0.008089006781015077,1
1.6380508477745925,-0.2307454545176438,1
1.4775546024945496,-0.28804549907858146,1
0.3500143581589027,0.008168259397467782,1
0.9372361823986269,0.008601801364339867,1
1.3344370999306285,1.2158748269530208,1
1.6077392896714162,-0.44295858180690967,1
1.4951251563528392,-0.20521476970839042,1
1.3346645593982571,-0.5906011474503008,1
1.4029375492953824,-0.0946605867588005,1
1.6378316062769662,-0.17746182479335076,1
0.47044819310338837,0.31474303013833704,1
0.041340192689822364,0.10648275997597256,1
1.0579522221315534,0.022053791595118364,1
1.101659561409279,0.07478425639296844,1
1.3095662057919562,0.08431769160532603,1
0.5824047371434931,-0.6730730189611261,1
0.7535345843473567,-0.7673773930889327,1
1.351387061626734,0.2968376470202205,1
0.9135518619772455,0.3820841941216354,1
1.8325388710243995,-0.11839117493794901,1
0.9937894242506775,-0.016672558277732463,1
0.9924467606497909,-0.6042285179526641,1
0.9663893153137829,-0.03592548589947056,1
1.2882710206905739,0.08842257208387834,1
0.5316425905643091,-0.35719564412622806,1
0.9047172993271987,0.1488574765871281,1
2.0417878894730155,-0.26148050027432235,1
0.8891583874181883,0.3634787807420462,1
1.2445509857387895,-0.39971507094516967,1
1.0963537382174662,-0.21049984381517955,1
1.5661768579788897,-0.25337762916719037,1
1.697838970063656,-0.14629410199990023,1
0.9040665185593264,0.09775979876890288,1
0.36294165960448255,0.6972577462909229,1
1.5959141070289897,0.45523252737122444,1
0.1887575869864644,-0.4180360998569808,1
1.2655074023343507,0.5754670048169963,1
1.1129710108778723,0.4089589344883391,1
0.28741716772522563,-0.28428449082940765,1
0.80808638799787,-0.6530156595626543,1
0.4124470086438726,0.3291074972350312,1
0.41496875436934566,-0.6680274764523055,1
0.3371289550248566,-0.2918580001949256,1
1.0709881424643173,0.2440994815412154,1
0.730684379149061,0.22898272230392727,1
1.1558459975242041,-0.16764357520640627,1
0.8477119727973106,-0.10778493940900913,1
0.6818520404104453,-0.2941992733833759,1
1.2463693970236331,0.4097986958093332,1
0.48647435732878663,-0.1909295188882922,1
0.3697893089420995,0.26164448374619825,1
1.1481701018126378,-0.5113909149490337,1
0.7147296908184199,-0.11963142672390568,1
0.6157474197803526,0.16491717326714816,1
0.7872357054735156,-0.14267121432792243,1
0.6803329586767188,0.5996718677565479,1
0.2798151509562803,-0.6308339099074011,1
2.0949777823890017,0.43922657887641736,1
0.7382739625788162,-0.0816916619163698,1
0.7017251332306071,-0.6775350269422001,1
-0.08409644447968168,-0.25957829931040804,1
1.254174658798465,-0.3092743087057063,1
1.0522639050756786,-0.3342661332275303,1
0.06113016345490285,0.45678843974124683,1
-0.1876958851661945,0.23270230838668754,1
1.6262955057404433,-0.6929168021055709,1
0.608199298805553,0.44999709962369144,1
0.6364871787928816,-0.2130968718209631,1
0.3945359671723362,0.12991962565768675,1
0.5309937335499475,0.3982868850145696,1
1.1442550792779662,0.25408873239768553,1
1.357128359628235,0.23564366283899138,1
1.1922470839937642,-0.20842988573594515,1
1.682225536065299,-0.29794409494019236,1
1.1031143862958206,0.457034116577688,1
1.7377873542462035,-0.09479147848054437,1
0.13092533082478142,-0.9789904055654012,1
-1.8135672874556983,-1.3505304473659472,2
-2.2187736307412047,0.4799272219611463,2
-3.036926650051073,-0.6305902878123162,2
-2.0157810707541826,-0.4526719376447768,2
0.09757181863119824,-0.3750994346026604,2
-2.7124470232526283,0.04404921823038693,2
-0.8972041325940481,1.3800612755383714,2
-0.721229486297865,-0.1542249535851189,2
-0.32552537428579953,1.3504341376366715,2
-2.1475036266636773,0.3935262743148752,2
-0.6699396634194816,-0.6184273721962897,2
-3.394096308482949,-0.663004453832193,2
-1.503918005270168,0.41984437370910416,2
-1.511676225403262,0.797763409466361,2
-0.9479930484279491,1.3289854505741971,2
-2.2572792708591303,0.5914710425394564,2
-2.1362519594955813,0.6085773654844947,2
0.007579090938735433,-0.45129093690775024,2
-1.6760726586228976,-0.34723967105972886,2
0.29884622087896906,-1.9746212976055297,2
-1.4343653185216843,0.02567699376738502,2
-0.4728954204781478,-0.3627175545688398,2
-1.3223066634687095,-0.2846387650500368,2
-0.9178576038447525,-1.1658370557839184,2
-1.2609873462719388,-0.7703968096398301,2
-0.2451003794463975,1.0175432705779697,2
2.216607103361475,-0.5889869143070865,2
-0.8833039444331898,-0.9297060097816101,2
-0.3905901884545526,0.11710170254352699,2
-1.5672586779064073,0.44726248696553467,2
-1.1191731013858333,0.5494739383252899,2
-0.7288215606925359,-1.093949508715019,2
-0.19937531745469694,-0.844303251571012,2
-1.6004778153306087,0.6475393615047438,2
-0.13903496407029203,-0.5864694644777875,2
-2.033048022904862,0.6089296778524954,2
-1.8992427299538197,-2.5366938882589802,2
-2.7721102212530857,-0.24587420119521458,2
-1.3618073418400976,0.6970198021214076,2
0.7796445369904765,-0.4570296419295198,2
-1.7841605012993624,1.4260564732729084,2
-1.104775096333994,0.2871171779070258,2
-0.8702219047009373,1.0441194033959396,2
0.2078425815486198,-1.3702734829772159,2
-1.2884254244399762,1.3014217326424127,2
-2.052834023510617,0.09909375304598365,2
-3.6966632779444906,1.1075436390824578,2
-1.5957126936820267,-1.4953878950398156,2
1.202061069815513,-1.5695212423301184,2
-2.777523819109005,0.6410477621129922,2
-1.7820968695219066,-2.2033184070707277,2
-1.046762210407739,-1.1879057554311154,2
0.35384753866633667,-0.2986841126038177,2
-0.4763555985264093,-0.07288806741230286,2
0.18092623880780967,1.1452427478196336,2
-0.5245668229403939,-0.445711265667122,2
-0.9250666644732285,-0.9098265698029101,2
-1.0384432402040396,-0.6932346785295784,2
-1.4829758073765231,-1.2525920935651695,2
-1.588018951329853,-1.0328094723466346,2
-0.33144929805927725,0.12685265639150478,2
-0.22058312872212416,2.5660832329658074,2
-1.347896927021979,0.46486034013024036,2
-1.3465636500700413,1.8250961997313193,2
-1.6299357887186496,2.0854715208968395,2
-0.5375508647859386,0.03834498758102423,2
-2.2480785769346014,-1.996749390853911,2
-0.11549740090673677,0.5235773969126962,2
-0.3876378305258754,-1.6547765356234174,2
-0.3843414386279299,-0.05511933201874862,2
-1.9083220820303635,0.05749013359841893,2
-2.6430310685039697,1.416241209009934,2
-1.5603786637536947,-1.055028696376981,2
-0.9428103282288699,-2.5917830983836296,2
-1.0836344583866762,-0.3554142429747833,2
-0.270421369040002,1.1049005653870794,2
-0.5258543902823012,0.6273712625302862,2
0.7411460504956962,-0.6386618414531859,2
-1.4649078395774966,-0.2937990500665482,2
-1.0393898442730565,-1.083932186482129,2
-0.7431259610553729,-0.19809842080312506,2
-0.9813181248750048,0.5163672281362215,2
-1.918731579486077,0.02754381040955972,2
0.3781026555917202,-1.5715748465836064,2
-1.5387997091601568,0.21720627749169785,2
-0.3330230461595487,0.7867362246390719,2
-0.20716286522172134,-1.5859936765409444,2
-1.216835797185232,-1.5709858002324013,2
-1.844696714499554,-0.4707218510347169,2
-0.5699148195912402,-0.503087276906363,2
0.4340257189030572,-1.4160481716005506,2
-1.133855508436683,-1.1706889426674907,2
-0.5757537082453463,-0.23211604645471665,2
-2.262137827939519,0.6849845947542806,2
-2.0632666079823823,0.586656922940385,2
-0.6954184134864336,-0.3857836980236751,2
-1.1836332709839872,-0.9617254390029426,2
-0.2043297794571457,-0.8859038935475095,2
-2.7486987509061542,0.9798082536465688,2
0.06947709817227299,0.07970655235967115,2
-0.3165649837663185,-0.5409385942978084,2
-1.3502057725914567,0.24917946463921078,2
1.398816989359419,-0.19543484499633829,2
0.5663326256379775,1.4178458385480563,2
-0.9832567951602296,-1.8801987467816905,2
-1.7566874560812593,-0.6254373411321995,2
-0.5499909702758955,-0.09594952814545611,2
-1.544223923885397,-0.9045933564294275,2
0.29424498163853374,-0.2055511097613347,2
-0.2964612408881194,0.9269408859925333,2
-0.3848506415341628,-0.24945252522403116,2
-1.478203261733083,-0.708812643318564,2
-1.1716499134219127,0.23773954549543988,2
-1.9351137557431057,-0.26669821432124313,2
-2.5937003028148715,0.62772347531649,2
0.11042470816120797,-0.2625200175654527,2
-0.7866765716275393,1.363171021728333,2
-1.945779135895806,0.15887682422432714,2
-1.2244763105577487,-1.580499902442935,2
-1.2107758682033503,-1.8602469663398264,2
-0.5802640430783053,0.3585708381312856,2
-1.4141858086203607,0.22720344837830758,2
-0.7404654229262682,2.3067038081597433,2
-2.8702130391813148,-1.3676901772540484,2
-2.5063122502188517,-0.5808480604929379,2
-2.672187784376291,-0.9255936828230121,2
-0.45863426289711307,-0.33254327611912504,2
-0.22259355482526733,1.5125406380484765,2
-2.1324148087416166,-0.3200619977112737,2
-0.3538348893450358,0.5483888625769292,2
-1.0057854870130407,0.6466495400270846,2
0.5692584633900872,-1.1667156429167902,2
-0.6438896529424858,0.9958251457228289,2
-2.998502061957728,0.6389055360559943,2
-0.9661461556918219,1.2738883832511605,2
-1.059647903090187,-1.5577566493228991,2
-0.5537021944312011,-0.297581890860528,2
-0.40573486647072077,-1.5866419303034438,2
-1.452929734687764,-0.8259928379730942,2
0.04778231918729681,-0.5390510133937101,2
-0.7887709938730645,-0.8289433636395189,2
-2.3129600755675965,0.6686613862821557,2
-2.359422653405703,0.16157166186306607,2
-0.9711797160576572,-1.5092739926051055,2
-1.8133495164868396,1.5668411194778242,2
-0.8946155091371748,-1.48856875259266,2
-1.6269472976860229,-0.016795642753088327,2
0.36586251398243275,-0.0853728095480588,2
-0.21001731428684267,0.35700362993535173,2
-1.1127671246616748,-0.748929933003642,2
-1.574052854517024,-0.15014188794734531,2
-1.6951453680010231,-0.5804177394615769,2
-1.981988784123967,-0.4789612582779585,2
0.17369569616233638,0.13271568170954473,2
-0.7032480526188725,0.22638240815789917,2
-1.2869256788985557,-0.3495554425051808,2
-1.7102374911950626,-0.7582981557356298,2
0.11207465516171711,0.23405083513539182,2
-0.6437999534837595,1.8308287468314652,2
-1.2410714085515677,0.8191657679644374,2
0.11400751829369393,-0.03266026519407886,2
-1.6087536152847552,0.3669311196527224,2
-1.281433020130066,-0.11116486555841633,2
-1.0052071067089345,0.28335833465076915,2
-0.46410745644846396,-0.7684389607095887,2
-0.7810617291744719,-0.02441173492522426,2
-1.5677249984056385,0.3990476750055091,2
0.5685223564069033,-1.9485890384023696,2
-0.3330802369814021,1.0861022416411164,2
0.06130776672253502,0.4538731487842174,2
0.5719739506868737,-0.7812439352556094,2
-1.6102982511092325,-0.7210438391149451,2
-0.6584197380089643,-2.300981198678486,2
-1.193772061885493,0.28217212620743687,2
-1.1014316361782126,1.0718187052036898,2
-0.8747167089332899,0.5212373777001552,2
-1.6817438759609384,0.4649161386535436,2
-1.370018686485675,-0.38921952829798395,2
-2.8012027781110658,-0.1401894063566173,2
0.054464355234856265,1.7246103252480511,2
-1.8434853902222672,-0.4657653015258482,2
-0.678653192011129,-0.4406415000602242,2
-0.7620470605019192,0.20102708788507995,2
0.5008809585622351,-2.823854860048613,2
-1.322805824593629,-1.3153176909196311,2
-0.9086052182345551,0.3306273637909776,2
-2.256378401238776,-0.8068124957746126,2
-0.4381574595637481,-0.0029567032843476446,2
0.06544511374499917,1.095604846109524,2
-0.22067489130328144,1.4763934025375232,2
-2.0927555429809703,0.7009450896351063,2
-1.0368331395506682,-0.011570949846184444,2
-2.496854754578496,-1.4733866651384315,2
-0.1766044437016614,-1.1396956315555469,2
0.07853485131089499,-1.099697060024192,2
-2.3605173749787056,0.5085603918691549,2
-1.4899161877123217,0.3049464813346756,2
-0.9137144226933408,-0.1025821623898085,2
-1.649530613663169,-2.2286823773209323,2
-2.308262133375006,-1.6036271888423461,2
-1.5228552121298025,0.5014843772863112,2
-1.1355189681891353,0.7901877102789922,2
-1.9537675633348723,0.4925276604728761,2
-0.38954941045149327,0.634700866492769,2
-0.007524853446732704,-1.0728190740093426,2
-1.8914692276079081,-0.46899562840546255,2
-1.5481819297898545,-0.03622334904198906,2
-0.9436866673570053,0.8461773488034074,2
-1.1330264641478385,1.2005677285251266,2
-2.7585087595746476,-0.8206210996337734,2
-0.5710787813249691,1.4472195815166216,2
-1.1121077822881644,1.2236386326662896,2
-1.6888504409496243,0.1270334170720439,2
-2.9298521239607895,0.8360347813805833,2
-2.3195058731369937,-0.023138928105523267,2
0.6636388442220948,-1.3298533034234163,2
0.7186573487274535,-1.5593412341766666,2
0.008185878273688552,0.9737221107482328,2
-1.3969609798016984,-0.35300134179414344,2
-0.20326652095576292,0.6379921963369368,2
-0.5415700970599077,-0.08736721593548001,2
-1.5747859274448195,-0.14070729400223037,2
-0.38961545124183783,0.7302164305455192,2
-0.3791186705904105,-1.091055000125303,2
-0.7689189008372945,-0.18214627005292497,2
-1.1175649583087883,-0.9859103687345259,2
-2.172995317025041,-0.020675559503244418,2
-1.1534463383615856,0.9716114676429041,2
0.43290281056627156,1.208990937012373,2
0.11308239871699377,-0.850380497612672,2
-0.961920945967489,1.1154821476511567,2
-1.015758202007965,-1.3791003832231983,2
-0.3571093811363806,1.107070522218173,2
-0.6992204367700767,0.21694007979284602,2
-1.1459095156230665,0.37192281239606234,2
-1.8732912970589868,-0.2926387134426471,2
-2.2980447104894894,-0.6475723255111799,2
0.2585047664499134,-0.36069347799619905,2
-2.1020789822441093,-1.2658966139033345,2
-1.5363831067858125,-0.7602114431811371,2
-0.46421363525826587,-0.5127142876164498,2
0.35538024133201684,0.8377209788153855,2
-0.661229265835882,0.8149870125803372,2
-1.095038553802817,0.8539618905357932,2
-0.5374173089733971,-0.14015456359134865,2
-0.8846701658695932,0.9280234892720177,2
-0.205060933216903,0.17680026354470235,2
-1.4347220358565895,-1.2620374376083412,2
0.18174745658620295,-0.09183480146364868,2
0.2579747242074386,1.2532418202301756,2
0.17952089437327667,-0.8667586753412502,2
-0.5305756760926015,1.068454409546326,2
-0.9921505892462213,-0.07384038454687743,2
-1.5710399545834233,0.17320699333083828,2
-1.2680158668734984,-0.14302366039584366,2
-0.8442913505001512,0.051938611357475115,2
-1.2924860535182925,0.4284806387540761,2
-0.9018964918517882,-0.7085835624708273,2
-1.1202222227242058,-1.811150731450048,2
-0.046851653532868576,-0.4872860434768234,2
-2.315668315314076,-0.5489334452310779,2
0.20061498116653054,-1.0346363560173586,2
-0.8898228356847573,-1.1709224185552405,2
0.008993953976441427,0.5193348113883861,2
1.1097834171299459,-0.05654325262513571,2
-1.8751575158205596,0.2173833945333983,2
-0.6588417331625382,-1.200538337543313,2
-0.7766849512140096,-0.668077367145892,2
0.2012502650392345,2.010052362389832,2
-0.9597889444741414,1.5484435424432048,2
0.6234208747694601,0.2224190210264964,2
-1.3715680035574058,0.14305081875912812,2
-1.048501511238811,0.7641716702344125,2
-0.5151573229774107,0.2610549385228793,2
-0.9700855432288059,0.23798012606267221,2
-0.2070677664254631,0.581390607234122,2
-0.8124369483804718,0.7253480598228532,2
-0.0033584342498528263,0.8130219606431616,2
-3.159892719543366,0.3164959387166551,2
0.1983831949113728,0.06253439549299941,2
1.0545870914059456,-0.3371098327555736,2
-1.256965141539101,1.324331056035262,2
-1.314839208640342,2.481687427632424,2
-1.7989764693946868,0.824363420499373,2
-1.25683273545729,-1.2744055115343604,2
-0.12017529008294459,-0.25481098929191315,2
-1.6552161855212213,1.5126468780949578,2
-2.07595877832522,1.4181653008284099,2
-0.3316149735192506,-0.7686776688471761,2
-0.5289615459019321,2.3377632659594125,2
-0.20181727777906222,-1.2207433229188192,2
-2.2825632053070266,-1.431796809170404,2
-0.5447616121309545,-1.3484265968949198,2
-0.4477305702858533,0.3093027699979798,2
0.2643865779663148,-0.8277312162795079,2
-2.0064448572956035,-0.5409070930168136,2
0.6654269509369666,2.0295302634307197,2
-1.393373984517568,1.0163917023004045,2
-1.0285596827521304,-1.7071351443142844,2
-0.3866934736227273,-1.0618137105870067,2
-1.624865778724586,-1.5407547603368403,2
-1.2290474584645,1.5526829619393363,2
-1.753519933814709,0.1429401414650707,2
-1.4514554690310049,-0.7502602686494575,2
-1.989779055733555,0.36591639933027786,2
-2.19682413492093,-0.7296562706025899,2
-1.348037462497973,1.467523883091188,2
-1.848205181291937,0.8872747177601248,2
-1.1822876077251836,-1.5624114817819952,2
-1.0766842184922223,-0.3598954833690791,2
0.9360920293246002,-0.25658107905063937,2
-1.4613604980813841,-0.2627990523027832,2
-0.39110956637044825,1.9737537439340012,2
-0.29703756849138907,-0.45647815667075353,2
0.7236999210785531,-0.9168024661039142,2
-0.642102920700443,0.7040742784489932,2
-0.9769469695145303,-3.4121013458246727,2
-2.5197566961961595,0.5662422142941574,2
-0.7379207996781141,1.3363341175737857,2
-1.279725556939374,-1.1024545669593615,2
-1.6226130453259846,0.9728124777546224,2
-0.7319095654372574,0.9369709094646662,2
-0.17181519756352992,0.9887432067039902,2
-0.680030561388559,-1.4516190020348871,2
-1.0855967924391212,1.180426617279891,2
-1.5141187035145922,0.5698186033222085,2
-0.5601571322059193,0.8614707374745678,2
-1.4162351368411814,-0.2720080583694634,2
-1.5019930210869825,-1.9790294832907303,2
-1.8403436690477206,2.208223967026865,2
-0.36021234076697883,0.7457675180544534,2
-2.0338220557171023,1.507700750641018,2
-1.0628653314347356,0.5928578614789,2
-0.037207033797614586,-0.5403117552600318,2
-0.7051045922966284,0.739040916449854,2
0.5135741322596585,0.06968285246542529,2
-1.3121865866413505,0.2581163151815404,2
-0.9571946350540261,0.6476235350808837,2
-2.00240079972599,-1.8210890916722675,2
-1.359996164547034,0.4897276675012344,2
-1.7029418308931619,-0.20251318069760274,2
-0.2735837878332298,-0.9336072853634998,2
-1.2051389846252825,0.033925777262186534,2
0.6354323694399919,1.3023349861456033,2
-1.4573085672551125,0.8338632850744515,2
0.8892329289251064,0.11375478929273598,2
-2.5801219959061985,-0.9960949362264595,2
-0.5052829269441526,-0.420460121340477,2
-2.064788712917334,0.31618121723986625,2
-0.27537404431453194,0.35683324091439506,2
-1.2011673697142449,-1.3184778728520912,2
1.5685582575124437,-0.10193609036331834,2
-2.086779462752267,-0.627025178649362,2
-2.165692639645505,-1.1425786234112545,2
-1.2401353970684765,-1.0171104483003033,2
-0.6336516276602013,-1.0556692317468714,2
-1.566745108197157,0.0892760751218787,2
0.22931686162227005,-0.07830507850848147,2
-0.43986164734277866,-0.999174705195167,2
-1.2357947069385833,0.19092141784815836,2
-3.597458265425939,0.347051282604447,2
-0.23169233253322685,0.034499142424246475,2
-1.0551793355161956,-0.3256046993442252,2
-2.8101053679186814,0.610960927008512,2
-1.2296623021865796,-1.2339804842223823,2
-2.2123169601299546,0.4069342783980913,2
-0.7898676753531506,-0.7962403089836255,2
-0.6040214441047987,1.6377333103894838,2
-0.6962374277877263,0.23759096582035716,2
-1.1914940872489161,-0.6409714713703184,2
-1.6317238266562184,-0.13373845862383374,2
-1.2390767493432664,1.1350802826705857,2
-1.8148692317191157,-0.3436775678239609,2
-0.35095535328721095,0.5158485980355496,2
-2.360083580810544,1.0276044180748218,2
-0.28877318646091676,1.3087715074780992,2
-3.0277486639641618,-0.5568908182462197,2
-1.313467472058896,-0.007161219267650997,2
-1.2574664775583027,-0.16892377789749352,2
-0.5467467391899705,0.7528842780343445,2
-2.21111757808369,0.6969682201313385,2
-2.2317307203707353,-0.008166791738166135,2
-0.8506833485276313,0.2896499219635793,2
-2.5690192701177326,-0.24618715265010266,2
-0.25309043687463595,2.043310191881118,2
-1.0998928910136445,0.08110061648888985,2
0.04866085011937349,0.9801781876383117,2
-0.08317540557490644,-0.006382307150202391,2
-0.6614273022849451,-0.3312654605959293,2
-0.6632196958188583,-0.3603185413489523,2
-0.5887551650598732,0.779775172405061,2
-2.550263195675571,0.9862560082896,2
-1.7076518186878946,-1.6950974163160022,2
-2.5781015692913294,-0.9813529010115071,2
-1.8135536084699386,-0.703463337001081,2
-2.2542623872895833,0.0016927568203483046,2
-0.048085640815208386,-0.9758947124314781,2
-1.100081219648513,-0.9614793235881244,2
-0.376867114619966,0.3906088277347118,2
-2.4727874994015577,-0.8222629511400403,2
0.245540395279088,1.476821771298815,2
-0.009312436441575644,1.392961640262447,2
-1.2660357312876012,-1.6966761001927533,2
-0.31007217461900527,-0.7776937466451229,2
-0.2626820743958874,0.13843108933664247,2
-1.2937500199679322,-0.2433420492262628,2
-0.24132733648230598,-0.5783744166818137,2
-0.7982956022356034,-0.5874431473269509,2
0.602331642618724,0.3438729168228876,2
0.20269153824601283,0.2545108470865454,2
-1.9035259447960304,-0.840911104297585,2
-0.6154783760321587,1.1922425067140294,2
0.18932587556455482,1.228067672309646,2
-0.2692888516803156,-0.16914525719019513,2
-0.24610818943947654,-0.2827238640297433,2
-0.5022118205062259,-1.2157169519421809,2
-1.3709464845017374,-0.6810192702161659,2
-2.001645291911733,-1.3472381161231797,2
1.6632255144875003,1.3549055004196637,2
-2.4489732099705117,1.2982733063026966,2
-1.4489557989635813,0.8326528904788844,2
-2.575740332562053,0.6727411771124705,2
-1.8507603238883834,-0.685150255582516,2
-1.8358447541183045,-0.7779842897220384,2
-1.745575730215625,-0.4970097464479833,2
-2.0650554538119588,-1.1922693173047145,2
-1.243498348697665,-0.3362200365695421,2
0.3442418679223411,-0.5211694786779467,2
-1.2515481449908104,-0.9186828184794127,2
-1.9134101634934941,-1.7506293290370485,2
-2.094163988027513,-0.07890661378177659,2
-1.439176324652844,0.948328245605061,2
-1.6710058659597586,-0.5875663122821319,2
-0.4718541271319089,1.5522081928999543,2
-2.0641182312526043,0.4014382184049463,2
-0.5848154015170476,0.5530833217295766,2
-2.546770603701317,1.8213259781365756,2
-0.16011696939748488,1.9856151564563025,2
-1.6503911351582996,-0.927876164813368,2
-0.45783472045645124,-1.5635948119647645,2
-0.5834088585550168,-0.09005344621085944,2
-0.7043737189148068,-0.9609677041804899,2
0.4395381412877939,0.3082066192989825,2
-0.685047608805036,0.4558567951620039,2
-0.35372574954447966,-1.753700252235087,2
-1.3203313865090136,1.555099952719169,2
-0.9947399486253639,0.9686612762408329,2
0.11589634915353852,0.2799964613732057,2
-0.6072269714243685,1.3783249609890462,2
-0.7014640098349445,0.8376096463301238,2
-0.9653469895962653,-1.0590585287853531,2
-1.0939663982013754,0.16838464148214988,2
-1.339599629116978,0.34319795020651955,2
-2.6552956559672274,-0.5525385063281659,2
0.2690853097131516,0.20066948350746333,2
0.263398833998973,-0.12469890538688885,2
0.434764631705008,1.2974223703833978,2
-2.604441443583429,-0.6990694830588633,2
0.7853106065663011,0.413315340001606,2
0.2450213414677329,0.3091629378962376,2
-1.2214425934578246,1.6152223600329656,2
-1.3355849300509177,-1.075734526153953,2
0.4777128818963716,0.8290040621249721,2
-0.2676533206765144,0.5795704120015681,2
-0.913464232241299,-0.9196619505090544,2
-3.058022163742815,0.5682277657455485,2
-2.8782668824495774,-1.4356853837975034,2
0.1371262340272319,1.3303445860305292,2
-3.2274547657376895,0.8208468393865117,2
0.5417455010037964,0.4457080195595914,2
-1.229551030137757,1.5033743302802578,2
0.020252158876095105,-1.458235242520328,2
-0.5061877557959726,-0.16963385615279997,2
-0.7092879729923058,-0.5815372589822237,2
-2.195846120823934,0.4351259677643781,2
-0.9081631604925361,-0.45326526477824286,2
-0.7618205752639942,-0.5294682231429443,2
-0.1931659360090825,-1.8254914832177018,2
0.5232858331107617,-0.9396207522884217,2
-1.0323099648181826,0.4355810674175446,2
1.3307993186797002,-1.4732983840041785,2
-0.05596123902731953,-1.2691310824936806,2
0.816370440643055,1.0270644083686902,2
-1.860381769202378,-0.21046784359409992,2
-1.483078462299623,-0.09285972576788515,2
-2.5208627630469422,-0.6621976808324975,2
-2.4006722955121194,0.4366734639018975,2
-1.092488187973742,-0.6803824812468523,2
-1.3628799135311784,-0.0810201489510762,2
0.6079364052224014,-0.3030373020006873,2
-1.3611624495589523,-0.3128899109216671,2
-1.8190622126449127,-0.4412166986122058,2
-1.0450306172822814,-0.35073506132919124,2
-1.189736536062254,0.190457088039919,2
-0.5942914060823135,-0.049054218278856414,2
-1.7228228353898667,0.15245905234285528,2
-2.835499899419921,0.9507693219477128,2
-1.7750828016567457,-1.698756516349228,2
-0.4561170443300805,0.22805371258604476,2
-0.9801173497079757,0.20570736215331392,2
